sample_id	sample_name	latitude	longitude	depth
1	CSHLIID20-03a-S06C001-0015	24.349	-156.798	15
2	CSHLIID20-03a-S07C001-0015	24.367	-156.799	15
3	CSHLIID20-03a-S08C001-0015	24.388	-156.767	15
4	CSHLIID20-03a-S09C001-0015	24.387	-156.767	15
5	CSHLIID20-03a-S14C001-0015	24.424	-156.761	15
6	CSHLIID20-03a-S15C001-0015	24.46	-156.738	15
7	CSHLIID20-03a-S16C001-0015	24.481	-156.718	15
8	CSHLIID20-03a-S17C001-0015	24.497	-156.687	15
9	CSHLIID20-03a-S18C001-0015	24.533	-156.646	15
10	CSHLIID20-03a-S19C001-0015	24.539	-156.637	15
12	CSHLIID20-03a-S20C001-0015	24.541	-156.634	15
13	CSHLIID20-03a-S21C001-0015	24.552	-156.581	15
14	CSHLIID20-03a-S22C001-0015	24.552	-156.585	15
15	CSHLIID20-03a-S23C001-0015	24.564	-156.557	15
16	CSHLIID20-03a-S24C001-0015	24.595	-156.524	15
17	CSHLIID20-03a-S26C001-0015	24.603	-156.51	15
18	CSHLIID20-03a-S28C001-0015	24.603	-156.504	15
19	CSHLIID20-03a-S29C001-0015	24.586	-156.438	15
20	CSHLIID20-03a-S30C001-0015	24.576	-156.42	15
21	CSHLIID20-03a-S31C001-0015	24.57	-156.426	15
22	CSHLIID20-03a-S32C001-0015	24.583	-156.413	15
23	CSHLIID20-03a-S33C001-0015	24.576	-156.387	15
24	CSHLIID20-03a-S34C001-0015	24.576	-156.381	15
25	CSHLIID20-03a-S35C001-0015	24.583	-156.364	15
26	CSHLIID20-03a-S37C001-0015	24.583	-156.363	15
27	CSHLIID20-03a-S47C001-0015	24.535	-156.309	15
28	CSHLIID20-03a-S49C001-0015	24.497	-156.307	20
29	CSHLIID20-03a-S51C001-0015	24.5	-156.312	20
30	CSHLIID20-03a-S52C001-0015	24.496	-156.298	15
31	CSHLIID20-03a-S53C001-0015	24.498	-156.302	15
32	CSHLIID20-03a-S54C001-0015	24.481	-156.301	15
33	CSHLIID20-03a-S55C001-0015	24.478	-156.297	15
34	CSHLIID20-03a-S56C001-0015	24.473	-156.293	15
35	CSHLIID20-03a-S57C001-0015	24.415	-156.314	15
36	CSHLIID20-03a-S58C001-0015	24.414	-156.315	15
37	CSHLIID20-03a-S60C001-0015	24.413	-156.312	15
38	CSHLIID20-03a-S61C001-0015	24.405	-156.355	15
39	CSHLIID20-03a-S63C001-0015	24.398	-156.35	15
40	CSHLIID20-03a-S64C001-0015	24.362	-156.343	15
41	CSHLIID20-03a-S66C001-0015	24.346	-156.347	15
42	CSHLIID20-03a-S67C001-0015	24.349	-156.314	15
43	CSHLIID20-03a-S68C001-0015	24.29	-156.408	15
44	CSHLIID20-03a-S69C001-0015	24.286	-156.412	15
45	CSHLIID20-03a-S70C001-0015	24.283	-156.387	15
46	CSHLIIR00-20a-S06C001-0015	24.349	-156.798	15
47	CSHLIIR00-20a-S07C001-0015	24.367	-156.799	15
48	CSHLIIR00-20a-S08C001-0015	24.388	-156.767	15
49	CSHLIIR00-20a-S09C001-0015	24.387	-156.767	15
50	CSHLIIR00-20a-S14C001-0015	24.424	-156.761	15
51	CSHLIIR00-20a-S15C001-0015	24.46	-156.738	15
52	CSHLIIR00-20a-S16C001-0015	24.481	-156.718	15
53	CSHLIIR00-20a-S17C001-0015	24.497	-156.687	15
54	CSHLIIR00-20a-S18C001-0015	24.533	-156.646	15
56	CSHLIIR00-20a-S19C001-0015	24.539	-156.637	15
57	CSHLIIR00-20a-S20C001-0015	24.541	-156.634	15
58	CSHLIIR00-20a-S21C001-0015	24.552	-156.581	15
59	CSHLIIR00-20a-S22C001-0015	24.552	-156.585	15
60	CSHLIIR00-20a-S23C001-0015	24.564	-156.557	15
61	CSHLIIR00-20a-S24C001-0015	24.595	-156.524	15
62	CSHLIIR00-20a-S26C001-0015	24.603	-156.51	15
63	CSHLIIR00-20a-S28C001-0015	24.603	-156.504	15
64	CSHLIIR00-20a-S29C001-0015	24.586	-156.438	15
65	CSHLIIR00-20a-S30C001-0015	24.576	-156.42	15
66	CSHLIIR00-20a-S31C001-0015	24.57	-156.426	15
67	CSHLIIR00-20a-S32C001-0015	24.583	-156.413	15
68	CSHLIIR00-20a-S33C001-0015	24.576	-156.387	15
69	CSHLIIR00-20a-S34C001-0015	24.576	-156.381	15
70	CSHLIIR00-20a-S35C001-0015	24.583	-156.364	15
71	CSHLIIR00-20a-S37C001-0015	24.583	-156.363	15
72	CSHLIIR00-20a-S47C001-0015	24.535	-156.309	15
73	CSHLIIR00-20a-S49C001-0015	24.497	-156.307	20
74	CSHLIIR00-20a-S51C001-0015	24.5	-156.312	20
75	CSHLIIR00-20a-S52C001-0015	24.496	-156.298	15
76	CSHLIIR00-20a-S53C001-0015	24.498	-156.302	15
77	CSHLIIR00-20a-S54C001-0015	24.481	-156.301	15
78	CSHLIIR00-20a-S55C001-0015	24.478	-156.297	15
79	CSHLIIR00-20a-S56C001-0015	24.473	-156.293	15
80	CSHLIIR00-20a-S57C001-0015	24.415	-156.314	15
81	CSHLIIR00-20a-S58C001-0015	24.414	-156.315	15
82	CSHLIIR00-20a-S60C001-0015	24.413	-156.312	15
83	CSHLIIR00-20a-S61C001-0015	24.405	-156.355	15
84	CSHLIIR00-20a-S63C001-0015	24.398	-156.35	15
85	CSHLIIR00-20a-S64C001-0015	24.362	-156.343	15
86	CSHLIIR00-20a-S66C001-0015	24.346	-156.347	15
87	CSHLIIR00-20a-S67C001-0015	24.349	-156.314	15
88	CSHLIIR00-20a-S68C001-0015	24.29	-156.408	15
89	CSHLIIR00-20a-S69C001-0015	24.286	-156.412	15
90	CSHLIIR00-20a-S70C001-0015	24.283	-156.387	15
91	CSHLIID00-20a-S06C001-0015	24.349	-156.798	15
92	CSHLIID00-20a-S07C001-0015	24.367	-156.799	15
93	CSHLIID00-20a-S08C001-0015	24.388	-156.767	15
94	CSHLIID00-20a-S09C001-0015	24.387	-156.767	15
95	CSHLIID00-20a-S14C001-0015	24.424	-156.761	15
96	CSHLIID00-20a-S15C001-0015	24.46	-156.738	15
97	CSHLIID00-20a-S16C001-0015	24.481	-156.718	15
98	CSHLIID00-20a-S17C001-0015	24.497	-156.687	15
99	CSHLIID00-20a-S18C001-0015	24.533	-156.646	15
102	CSHLIID00-20a-S20C001-0015	24.541	-156.634	15
103	CSHLIID00-20a-S21C001-0015	24.552	-156.581	15
104	CSHLIID00-20a-S22C001-0015	24.552	-156.585	15
105	CSHLIID00-20a-S23C001-0015	24.564	-156.557	15
106	CSHLIID00-20a-S24C001-0015	24.595	-156.524	15
107	CSHLIID00-20a-S26C001-0015	24.603	-156.51	15
108	CSHLIID00-20a-S28C001-0015	24.603	-156.504	15
109	CSHLIID00-20a-S29C001-0015	24.586	-156.438	15
110	CSHLIID00-20a-S30C001-0015	24.576	-156.42	15
111	CSHLIID00-20a-S31C001-0015	24.57	-156.426	15
112	CSHLIID00-20a-S32C001-0015	24.583	-156.413	15
113	CSHLIID00-20a-S33C001-0015	24.576	-156.387	15
114	CSHLIID00-20a-S34C001-0015	24.576	-156.381	15
115	CSHLIID00-20a-S35C001-0015	24.583	-156.364	15
116	CSHLIID00-20a-S37C001-0015	24.583	-156.363	15
117	CSHLIID00-20a-S47C001-0015	24.535	-156.309	15
118	CSHLIID00-20a-S49C001-0015	24.497	-156.307	20
119	CSHLIID00-20a-S51C001-0015	24.5	-156.312	20
120	CSHLIID00-20a-S52C001-0015	24.496	-156.298	15
121	CSHLIID00-20a-S53C001-0015	24.498	-156.302	15
122	CSHLIID00-20a-S54C001-0015	24.481	-156.301	15
123	CSHLIID00-20a-S55C001-0015	24.478	-156.297	15
124	CSHLIID00-20a-S56C001-0015	24.473	-156.293	15
125	CSHLIID00-20a-S57C001-0015	24.415	-156.314	15
126	CSHLIID00-20a-S58C001-0015	24.414	-156.315	15
127	CSHLIID00-20a-S60C001-0015	24.413	-156.312	15
128	CSHLIID00-20a-S61C001-0015	24.405	-156.355	15
129	CSHLIID00-20a-S63C001-0015	24.398	-156.35	15
130	CSHLIID00-20a-S64C001-0015	24.362	-156.343	15
131	CSHLIID00-20a-S66C001-0015	24.346	-156.347	15
132	CSHLIID00-20a-S67C001-0015	24.349	-156.314	15
133	CSHLIID00-20a-S68C001-0015	24.29	-156.408	15
134	CSHLIID00-20a-S69C001-0015	24.286	-156.412	15
135	CSHLIID00-20a-S70C001-0015	24.283	-156.387	15
138	10a-268-400-DNA	22.75	-158	400
139	11a-268-500-DNA	22.75	-158	500
140	12a-268-770-DNA	22.75	-158	770
141	13a-268-5-RNA	22.75	-158	5
142	14a-268-25-RNA	22.75	-158	25
143	15a-268-45-RNA	22.75	-158	45
144	16a-268-75-RNA	22.75	-158	75
145	17a-268-100-RNA	22.75	-158	100
146	18a-268-125-RNA	22.75	-158	125
147	19a-268-150-RNA	22.75	-158	150
148	1a-268-5-DNA	22.75	-158	5
149	20a-268-175-RNA	22.75	-158	175
150	21a-268-300-RNA	22.75	-158	300
151	22a-268-400-RNA	22.75	-158	400
152	23a-268-500-RNA	22.75	-158	500
153	24a-268-770-RNA	22.75	-158	770
154	25a-268-5-DeDNA	22.75	-158	5
155	26a-268-25-DeDNA	22.75	-158	25
156	27a-268-45-DeDNA	22.75	-158	45
157	28a-268-75-DeDNA	22.75	-158	75
158	29a-268-100-DeDNA	22.75	-158	100
159	2a-268-25-DNA	22.75	-158	25
160	30a-268-125-DeDNA	22.75	-158	125
161	31a-268-150-DeDNA	22.75	-158	150
162	32a-268-175-DeDNA	22.75	-158	175
163	33a-268-300-DeDNA	22.75	-158	300
164	34a-268-400-DeDNA	22.75	-158	400
165	35a-268-500-DeDNA	22.75	-158	500
166	36a-268-770-DeDNA	22.75	-158	770
167	3a-268-45-DNA	22.75	-158	45
168	4a-268-75-DNA	22.75	-158	75
169	5a-268-100-DNA	22.75	-158	100
170	6a-268-125-DNA	22.75	-158	125
171	7a-268-150-DNA	22.75	-158	150
172	8a-268-175-DNA	22.75	-158	175
173	9a-268-300-DNA	22.75	-158	300
174	10b-271-150-RNA	22.75	-158	150
175	11b-271-175-RNA	22.75	-158	175
176	12b-271-300-RNA	22.75	-158	300
177	13b-271-400-RNA	22.75	-158	400
178	14b-271-500-RNA	22.75	-158	500
179	15b-271-770-RNA	22.75	-158	770
180	16b-271-5-DeDNA	22.75	-158	5
181	17b-271-25-DeDNA	22.75	-158	25
182	18b-271-45-DeDNA	22.75	-158	45
183	19b-271-75-DeDNA	22.75	-158	75
184	1b-271-300-DNA	22.75	-158	300
185	20b-271-100-DeDNA	22.75	-158	100
186	21b-271-125-DeDNA	22.75	-158	125
187	22b-271-150-DeDNA	22.75	-158	150
188	23b-271-175-DeDNA	22.75	-158	175
189	24b-271-300-DeDNA	22.75	-158	300
190	25b-271-400-DeDNA	22.75	-158	400
191	26b-271-500-DeDNA	22.75	-158	500
192	27b-271-770-DeDNA	22.75	-158	770
193	2b-271-400-DNA	22.75	-158	400
194	37a-271-5-DNA	22.75	-158	5
195	38a-271-25-DNA	22.75	-158	25
196	39a-271-75-DNA	22.75	-158	75
197	3b-271-500-DNA	22.75	-158	500
198	40a-271-100-DNA	22.75	-158	100
199	41a-271-125-DNA	22.75	-158	125
200	42a-271-150-DNA	22.75	-158	150
201	43a-271-175-DNA	22.75	-158	175
202	4b-271-770-DNA	22.75	-158	770
203	5b-271-5-RNA	22.75	-158	5
204	6b-271-25-RNA	22.75	-158	25
205	7b-271-75-RNA	22.75	-158	75
206	8b-271-100-RNA	22.75	-158	100
207	9b-271-125-RNA	22.75	-158	125
208	10c-275-45-DeDNA	22.75	-158	45
209	11c-275-75-DeDNA	22.75	-158	75
210	12c-275-100-DeDNA	22.75	-158	100
211	13c-275-125-DeDNA	22.75	-158	125
212	14c-275-150-DeDNA	22.75	-158	150
213	15c-275-175-DeDNA	22.75	-158	175
214	16c-275-300-DeDNA	22.75	-158	300
215	17c-275-400-DeDNA	22.75	-158	400
216	18c-275-500-DeDNA	22.75	-158	500
217	19c-275-770-DeDNA	22.75	-158	770
218	1c-275-125-RNA	22.75	-158	125
219	28b-275-5-DNA	22.75	-158	5
220	29b-275-25-DNA	22.75	-158	25
221	2c-275-150-RNA	22.75	-158	150
222	30b-275-45-DNA	22.75	-158	45
223	31b-275-75-DNA	22.75	-158	75
224	32b-275-100-DNA	22.75	-158	100
225	33b-275-125-DNA	22.75	-158	125
226	34b-275-150-DNA	22.75	-158	150
227	35b-275-175-DNA	22.75	-158	175
228	36b-275-300-DNA	22.75	-158	300
229	37b-275-400-DNA	22.75	-158	400
230	38b-275-500-DNA	22.75	-158	500
231	39b-275-770-DNA	22.75	-158	770
232	3c-275-175-RNA	22.75	-158	175
233	40b-275-5-RNA	22.75	-158	5
234	41b-275-25-RNA	22.75	-158	25
235	42b-275-45-RNA	22.75	-158	45
236	43b-275-75-RNA	22.75	-158	75
237	44b-275-100-RNA	22.75	-158	100
238	4c-275-300-RNA	22.75	-158	300
239	5c-275-400-RNA	22.75	-158	400
240	6c-275-500-RNA	22.75	-158	500
241	7c-275-770-RNA	22.75	-158	770
242	8c-275-5-DeDNA	22.75	-158	5
243	9c-275-25-DeDNA	22.75	-158	25
244	20c-279-5-DNA	22.75	-158	5
245	21c-279-25-DNA	22.75	-158	25
246	22c-279-45-DNA	22.75	-158	45
247	23c-279-75-DNA	22.75	-158	75
248	24c-279-100-DNA	22.75	-158	100
249	25c-279-125-DNA	22.75	-158	125
250	26c-279-150-DNA	22.75	-158	150
251	27c-279-175-DNA	22.75	-158	175
252	28c-279-300-DNA	22.75	-158	300
253	29c-279-400-DNA	22.75	-158	400
254	30c-279-500-DNA	22.75	-158	500
255	31c-279-770-DNA	22.75	-158	770
256	32c-279-5-RNA	22.75	-158	5
257	33c-279-25-RNA	22.75	-158	25
258	34c-279-45-RNA	22.75	-158	45
259	35c-279-75-RNA	22.75	-158	75
260	36c-279-100-RNA	22.75	-158	100
261	37c-279-125-RNA	22.75	-158	125
262	38c-279-150-RNA	22.75	-158	150
263	39c-279-175-RNA	22.75	-158	175
264	40c-279-300-RNA	22.75	-158	300
265	41c-279-400-RNA	22.75	-158	400
266	42c-279-500-RNA	22.75	-158	500
267	43c-279-770-RNA	22.75	-158	770
268	HOT224_1_0025m	22.75	-158	25
269	HOT224_1_0045m	22.75	-158	45
270	HOT224_1_0075m	22.75	-158	75
271	HOT224_1_0125m	22.75	-158	125
272	HOT224_1_0200m	22.75	-158	200
273	HOT224_1_0500m	22.75	-158	500
274	HOT224_1_0770m	22.75	-158	770
275	HOT224_1_1000m	22.75	-158	1000
276	HOT225_1_0025m	22.75	-158	25
277	HOT225_1_0045m	22.75	-158	45
278	HOT225_1_0075m	22.75	-158	75
279	HOT225_1_0125m	22.75	-158	125
280	HOT225_1_0200m	22.75	-158	200
281	HOT225_1_0500m	22.75	-158	500
282	HOT225_1_0770m	22.75	-158	770
283	HOT225_1_1000m	22.75	-158	1000
284	HOT226_1_0025m	22.75	-158	25
285	HOT226_1_0045m	22.75	-158	45
286	HOT226_1_0075m	22.75	-158	75
287	HOT226_1_0200m	22.75	-158	200
288	HOT226_1_0500m	22.75	-158	500
289	HOT226_1_0770m	22.75	-158	770
290	HOT226_1_1000m	22.75	-158	1000
291	HOT227_1_0025m	22.75	-158	25
292	HOT227_1_0045m	22.75	-158	45
293	HOT227_1_0075m	22.75	-158	75
294	HOT227_1_0125m	22.75	-158	125
295	HOT227_1_0500m	22.75	-158	500
296	HOT227_1_0770m	22.75	-158	770
297	HOT227_1_1000m	22.75	-158	1000
298	HOT229_1_0025m	22.75	-158	25
299	HOT229_2_0025m	22.75	-158	25
300	HOT229_1_0125m	22.75	-158	125
301	HOT229_1_0200m	22.75	-158	200
302	HOT229_1_0500m	22.75	-158	500
303	HOT229_2_0500m	22.75	-158	500
304	HOT229_3_0500m	22.75	-158	500
305	HOT229_2_0770m	22.75	-158	770
306	HOT229_1_1000m	22.75	-158	1000
307	HOT231_1_0025m	22.75	-158	25
308	HOT231_2_0025m	22.75	-158	25
309	HOT231_1_0075m	22.75	-158	75
310	HOT231_1_0125m	22.75	-158	125
311	HOT231_2_0125m	22.75	-158	125
312	HOT231_1_0200m	22.75	-158	200
313	HOT231_1_0500m	22.75	-158	500
314	HOT231_1_0770m	22.75	-158	770
315	HOT231_1_1000m	22.75	-158	1000
316	HOT232_1_0025m	22.75	-158	25
317	HOT232_1_0075m	22.75	-158	75
318	HOT232_1_0125m	22.75	-158	125
319	HOT232_1_0200m	22.75	-158	200
320	HOT232_1_0500m	22.75	-158	500
321	HOT232_2_0500m	22.75	-158	500
322	HOT232_3_0500m	22.75	-158	500
323	HOT232_1_0770m	22.75	-158	770
324	HOT232_1_1000m	22.75	-158	1000
325	HOT233_1_0025m	22.75	-158	25
326	HOT233_2_0025m	22.75	-158	25
327	HOT233_1_0075m	22.75	-158	75
328	HOT233_1c_0125m	22.75	-158	125
329	HOT233_1c_0200m	22.75	-158	200
330	HOT233_1c_0500m	22.75	-158	500
331	HOT233_2c_0500m	22.75	-158	500
332	HOT233_1c_0770m	22.75	-158	770
333	HOT233_1_1000m	22.75	-158	1000
334	HOT234_2_0025m	22.75	-158	25
335	HOT234_3_0025m	22.75	-158	25
336	HOT234_1_0075m	22.75	-158	75
337	HOT234_2_0075m	22.75	-158	75
338	HOT234_2_0125m	22.75	-158	125
339	HOT234_1_0200m	22.75	-158	200
340	HOT234_2_0200m	22.75	-158	200
341	HOT234_1_0500m	22.75	-158	500
342	HOT234_1_0770m	22.75	-158	770
343	HOT234_1_1000m	22.75	-158	1000
344	HOT236_1_0025m	22.75	-158	25
345	HOT236_1_0075m	22.75	-158	75
346	HOT236_1_0125m	22.75	-158	125
347	HOT236_1_0200m	22.75	-158	200
348	HOT236_1_0500m	22.75	-158	500
349	HOT236_2_0500m	22.75	-158	500
350	HOT236_2_0770m	22.75	-158	770
351	HOT236_1_1000m	22.75	-158	1000
352	HOT237_1_0025m	22.75	-158	25
353	HOT237_3_0025m	22.75	-158	25
354	HOT237_1_0075m	22.75	-158	75
355	HOT237_2_0075m	22.75	-158	75
356	HOT237_3_0125m	22.75	-158	125
357	HOT237_1_0200m	22.75	-158	200
358	HOT237_0500m	22.75	-158	500
359	HOT237_1_0500m	22.75	-158	500
360	HOT237_2_0500m	22.75	-158	500
361	HOT237_3_0500m	22.75	-158	500
362	HOT237_1_0770m	22.75	-158	770
363	HOT237_2_0770m	22.75	-158	770
364	HOT237_1_1000m	22.75	-158	1000
365	HOT237_2_1000m	22.75	-158	1000
366	HOT238_1_0025m	22.75	-158	25
367	HOT238_1_0075m	22.75	-158	75
368	HOT238_1c_0125m	22.75	-158	125
369	HOT238_1c_0200m	22.75	-158	200
370	HOT238_1_0500m	22.75	-158	500
371	HOT238_2_0500m	22.75	-158	500
372	HOT238_2_0770m	22.75	-158	770
373	HOT238_1_1000m	22.75	-158	1000
374	HOT238_2_1000m	22.75	-158	1000
376	SM001_072615_10pm_rep2.fastq.tar	24.424	-156.761	15
377	SM002_072715_2am_rep2.fastq.tar	24.46	-156.738	15
378	SM003_072715_6am_rep2.fastq.tar	24.481	-156.718	15
379	SM004_072715_10am_rep1.fastq.tar	24.497	-156.687	15
380	SM005_072715_2pm_rep1.fastq.tar	24.533	-156.646	15
381	SM006_072715_2pm_rep2.fastq.tar	24.533	-156.646	15
382	SM007_072715_2pm_rep3.fastq.tar	24.533	-156.646	15
383	SM008_072715_6pm_rep1.fastq.tar	24.539	-156.637	15
384	SM009_072715_10pm_rep1.fastq.tar	24.541	-156.634	15
385	SM010_072815_2am_rep1.fastq.tar	24.552	-156.581	15
386	SM011_072815_6am_rep1.fastq.tar	24.552	-156.585	15
387	SM012_072815_10am_rep1.fastq.tar	24.564	-156.557	15
388	SM013_072815_2pm_rep1.fastq.tar	24.595	-156.524	15
389	SM014_072815_2pm_rep2.fastq.tar	24.595	-156.524	15
390	SM015_072815_2pm_rep3.fastq.tar	24.595	-156.524	15
391	SM016_072815_6pm_rep1.fastq.tar	24.603	-156.51	15
392	SM017_072815_10pm_rep1.fastq.tar	24.603	-156.504	15
393	SM018_072915_2am_rep1.fastq.tar	24.586	-156.438	15
394	SM019_072915_6am_rep1.fastq.tar	24.576	-156.42	15
395	SM020_072915_10am_rep1.fastq.tar	24.57	-156.426	15
396	SM021_072915_2pm_rep1.fastq.tar	24.583	-156.413	15
397	SM022_072915_2pm_rep2.fastq.tar	24.583	-156.413	15
398	SM023_072915_2pm_rep3.fastq.tar	24.583	-156.413	15
399	SM024_072915_6pm_rep1.fastq.tar	24.576	-156.387	15
400	SM025_072915_10pm_rep1.fastq.tar	24.576	-156.381	15
401	SM026_073015_2am_rep1.fastq.tar	24.583	-156.364	15
402	SM027_073015_6am_rep1.fastq.tar	24.583	-156.363	15
403	SM028_080115_2pm_rep1.fastq.tar	24.481	-156.301	15
404	SM029_080115_2pm_rep2.fastq.tar	24.481	-156.301	15
405	SM030_080115_2pm_rep3.fastq.tar	24.481	-156.301	15
406	SM031_080215_2pm_rep1.fastq.tar	24.405	-156.355	15
407	SM032_080215_2pm_rep2.fastq.tar	24.405	-156.355	15
408	SM033_080215_2pm_rep3.fastq.tar	24.405	-156.355	15
409	SM034_080315_2pm_rep1.fastq.tar	24.286	-156.412	15
410	SM035_080315_2pm_rep2.fastq.tar	24.286	-156.412	15
411	SM036_080315_2pm_rep3.fastq.tar	24.286	-156.412	15
412	SM037_insitu_rep1.fastq.tar	24.387	-156.767	15
413	SM038_insitu_rep2.fastq.tar	24.387	-156.767	15
414	SM039_insitu_rep3.fastq.tar	24.387	-156.767	15
415	SM040_minusN_rep1.fastq.tar	24.387	-156.767	15
416	SM041_minusN_rep2.fastq.tar	24.387	-156.767	15
417	SM042_minusN_rep3.fastq.tar	24.387	-156.767	15
418	SM043_control_rep1.fastq.tar	24.387	-156.767	15
419	SM044_control_rep2.fastq.tar	24.387	-156.767	15
420	SM045_control_rep3.fastq.tar	24.387	-156.767	15
421	SM046_DSW_rep1.fastq.tar	24.387	-156.767	15
422	SM047_DSW_rep2.fastq.tar	24.387	-156.767	15
423	SM048_DSW_rep3.fastq.tar	24.387	-156.767	15
424	SM049_plusP_rep1.fastq.tar	24.387	-156.767	15
425	SM050_plusP_rep2.fastq.tar	24.387	-156.767	15
426	SM051_plusP_rep3.fastq.tar	24.387	-156.767	15
427	SM052_plusN_rep1.fastq.tar	24.387	-156.767	15
428	SM053_plusN_rep2.fastq.tar	24.387	-156.767	15
429	SM054_plusN_rep3.fastq.tar	24.387	-156.767	15
430	SM055_minusP_rep1.fastq.tar	24.387	-156.767	15
431	SM056_minusP_rep2.fastq.tar	24.387	-156.767	15
432	SM057_minusP_rep3.fastq.tar	24.387	-156.767	15
433	63272CE	24.4007	-156.818	100
434	63275CE	24.4007	-156.818	100
435	63278CE	24.4007	-156.818	100
436	63281CE	24.4007	-156.818	100
437	63273CE	24.4007	-156.818	75
438	63276CE	24.4007	-156.818	75
439	63279CE	24.4007	-156.818	75
440	63282CE	24.4007	-156.818	75
441	63265CE	24.2686	-156.815	150
442	11573CE1	24.4007	-156.818	100
443	11573CE2	24.4007	-156.818	100
444	11573CE3	24.4007	-156.818	100
445	11574CE1	24.4007	-156.818	100
446	11574CE2	24.4007	-156.818	100
447	11574CE3	24.4007	-156.818	100
448	11575CE1	24.4007	-156.818	75
449	11575CE2	24.4007	-156.818	75
450	11575CE3	24.4007	-156.818	75
451	11576CE1	24.4007	-156.818	75
452	11576CE2	24.4007	-156.818	75
453	11576CE3	24.4007	-156.818	75
454	63317CE	24.5797	-156.344	125
455	63318CE	24.5797	-156.344	125
456	63319CE	24.5797	-156.344	125
457	63320CE	24.5797	-156.344	125
458	63321CE	24.5797	-156.344	150
459	63322CE	24.5797	-156.344	150
460	63323CE	24.5797	-156.344	150
461	63324CE	24.5797	-156.344	150
462	11577CE1	24.5797	-156.344	125
463	11577CE2	24.5797	-156.344	125
464	11577CE3	24.5797	-156.344	125
465	11578CE1	24.5797	-156.344	125
466	11578CE2	24.5797	-156.344	125
467	11578CE3	24.5797	-156.344	125
468	11579CE1	24.5797	-156.344	100
469	11579CE2	24.5797	-156.344	100
470	11579CE3	24.5797	-156.344	100
471	63340CE	24.5097	-156.349	75
472	63341CE	24.5097	-156.349	75
473	63342CE	24.5097	-156.349	75
474	63343CE	24.5097	-156.349	75
475	63352CE	24.5097	-156.349	150
476	63353CE	24.5097	-156.349	150
477	63354CE	24.5097	-156.349	150
478	63355CE	24.5097	-156.349	150
479	11580CE1	24.5097	-156.349	75
480	11580CE2	24.5097	-156.349	75
481	11580CE3	24.5097	-156.349	75
482	11581CE1	24.5097	-156.349	75
483	11581CE2	24.5097	-156.349	75
484	11581CE3	24.5097	-156.349	75
485	11582CE1	24.5097	-156.349	75
486	11582CE2	24.5097	-156.349	75
487	11582CE3	24.5097	-156.349	75
488	63381CE	24.4942	-156.335	100
489	63382CE	24.4942	-156.335	100
490	63383CE	24.4942	-156.335	100
491	63384CE	24.4942	-156.335	100
492	11583CE1	24.4942	-156.335	100
493	11583CE2	24.4942	-156.335	100
494	11583CE3	24.4942	-156.335	100
495	11575A1	24.4007	-156.818	75
496	11575A2	24.4007	-156.818	75
497	11575A3	24.4007	-156.818	75
498	11580A1	24.5097	-156.349	75
499	11580A2	24.5097	-156.349	75
500	11580A3	24.5097	-156.349	75
501	11583A1	24.4942	-156.335	100
502	11583A2	24.4942	-156.335	100
503	11583A3	24.4942	-156.335	100
504	63273A	24.4007	-156.818	75
505	63276A	24.4007	-156.818	75
506	63340A	24.5097	-156.349	75
507	63341A	24.5097	-156.349	75
508	63381A	24.4942	-156.335	100
509	63382A	24.4942	-156.335	100
510	63352A	24.5097	-156.349	150
511	63353A	24.5097	-156.349	150
512	63354A	24.5097	-156.349	150
513	63355A	24.5097	-156.349	150
514	63265A	24.2686	-156.815	150
515	63321A	24.5797	-156.344	150
516	63322A	24.5797	-156.344	150
517	63323A	24.5797	-156.344	150
518	63324A	24.5797	-156.344	150
519	62147CE	22.75	-158	140
520	62148CE	22.75	-158	140
521	62153CE	22.75	-158	140
522	62154CE	22.75	-158	140
523	62185CE	22.75	-158	100
524	62186CE	22.75	-158	100
525	62191CE	22.75	-158	100
526	62192CE	22.75	-158	100
527	62199CE	22.75	-158	75
528	62200CE	22.75	-158	75
529	62205CE	22.75	-158	75
530	62206CE	22.75	-158	75
531	62207CE	22.75	-158	125
532	62208CE	22.75	-158	125
533	62213CE	22.75	-158	125
534	62214CE	22.75	-158	125
535	11586CE1	22.75	-158	140
536	11586CE2	22.75	-158	140
537	11586CE3	22.75	-158	140
538	11587CE1	22.75	-158	140
539	11587CE2	22.75	-158	140
540	11587CE3	22.75	-158	140
541	11588CE1	22.75	-158	140
542	11588CE2	22.75	-158	140
543	11588CE3	22.75	-158	140
544	11589CE1	22.75	-158	100
545	11589CE2	22.75	-158	100
546	11589CE3	22.75	-158	100
547	11590CE1	22.75	-158	100
548	11590CE2	22.75	-158	100
549	11590CE3	22.75	-158	100
550	11591CE1	22.75	-158	100
551	11591CE2	22.75	-158	100
552	11591CE3	22.75	-158	100
553	11592CE1	22.75	-158	75
554	11592CE2	22.75	-158	75
555	11592CE3	22.75	-158	75
556	11593CE1	22.75	-158	75
557	11593CE2	22.75	-158	75
558	11593CE3	22.75	-158	75
559	11594CE1	22.75	-158	75
560	11594CE2	22.75	-158	75
561	11594CE3	22.75	-158	75
562	11595CE1	22.75	-158	125
563	11595CE2	22.75	-158	125
564	11595CE3	22.75	-158	125
565	11596CE1	22.75	-158	125
566	11596CE2	22.75	-158	125
567	11596CE3	22.75	-158	125
568	11597CE1	22.75	-158	125
569	11597CE2	22.75	-158	125
570	11597CE3	22.75	-158	125
571	62147A	22.75	-158	140
572	62148A	22.75	-158	140
573	11586A1	22.75	-158	140
574	11586A2	22.75	-158	140
575	11586A3	22.75	-158	140
576	62185A	22.75	-158	100
577	62186A	22.75	-158	100
578	62199A	22.75	-158	75
579	62200A	22.75	-158	75
580	62207A	22.75	-158	125
581	62208A	22.75	-158	125
582	11589A1	22.75	-158	100
583	11589A2	22.75	-158	100
584	11589A3	22.75	-158	100
585	11592A1	22.75	-158	75
586	11592A2	22.75	-158	75
587	11592A3	22.75	-158	75
588	11595A1	22.75	-158	125
589	11595A2	22.75	-158	125
590	11595A3	22.75	-158	125
591	ALOHApeuk_33	22.75	-158	175
592	ALOHApeuk_34	22.75	-158	150
593	ALOHApeuk_35	22.75	-158	125
594	ALOHApeuk_36	22.75	-158	100
595	ALOHApeuk_37	22.75	-158	75
596	ALOHApeuk_38	22.75	-158	45
597	ALOHApeuk_39	22.75	-158	25
598	ALOHApeuk_40	22.75	-158	5
599	ALOHApeuk_49	22.75	-158	175
600	ALOHApeuk_50	22.75	-158	150
601	ALOHApeuk_51	22.75	-158	125
602	ALOHApeuk_52	22.75	-158	100
603	ALOHApeuk_53	22.75	-158	75
604	ALOHApeuk_54	22.75	-158	45
605	ALOHApeuk_55	22.75	-158	25
606	ALOHApeuk_56	22.75	-158	5
607	ALOHApeuk_85	22.75	-158	5
608	ALOHApeuk_86	22.75	-158	25
609	ALOHApeuk_87	22.75	-158	45
610	ALOHApeuk_88	22.75	-158	75
611	ALOHApeuk_89	22.75	-158	100
612	ALOHApeuk_90	22.75	-158	125
613	ALOHApeuk_91	22.75	-158	150
614	ALOHApeuk_92	22.75	-158	175
615	ALOHApeuk_101	22.75	-158	5
616	ALOHApeuk_102	22.75	-158	25
617	ALOHApeuk_103	22.75	-158	45
618	ALOHApeuk_104	22.75	-158	75
619	ALOHApeuk_105	22.75	-158	100
620	ALOHApeuk_106	22.75	-158	125
621	ALOHApeuk_107	22.75	-158	150
622	ALOHApeuk_108	22.75	-158	175
623	ALOHApeuk_249	22.75	-158	175
624	ALOHApeuk_250	22.75	-158	150
625	ALOHApeuk_251	22.75	-158	125
626	ALOHApeuk_252	22.75	-158	100
627	ALOHApeuk_253	22.75	-158	75
628	ALOHApeuk_254	22.75	-158	45
629	ALOHApeuk_255	22.75	-158	25
630	ALOHApeuk_256	22.75	-158	5
631	ALOHApeuk_297	22.75	-158	175
632	ALOHApeuk_298	22.75	-158	150
633	ALOHApeuk_299	22.75	-158	125
634	ALOHApeuk_300	22.75	-158	100
635	ALOHApeuk_301	22.75	-158	75
636	ALOHApeuk_302	22.75	-158	45
637	ALOHApeuk_303	22.75	-158	25
638	ALOHApeuk_304	22.75	-158	5
639	ALOHApeuk_329	22.75	-158	175
640	ALOHApeuk_330	22.75	-158	150
641	ALOHApeuk_331	22.75	-158	125
642	ALOHApeuk_332	22.75	-158	100
643	ALOHApeuk_333	22.75	-158	75
644	ALOHApeuk_334	22.75	-158	45
645	ALOHApeuk_335	22.75	-158	25
646	ALOHApeuk_336	22.75	-158	5
647	ALOHApeuk_373	22.75	-158	175
648	ALOHApeuk_374	22.75	-158	150
649	ALOHApeuk_375	22.75	-158	125
650	ALOHApeuk_376	22.75	-158	100
651	ALOHApeuk_377	22.75	-158	75
652	ALOHApeuk_378	22.75	-158	45
653	ALOHApeuk_379	22.75	-158	25
654	ALOHApeuk_417	22.75	-158	175
655	ALOHApeuk_418	22.75	-158	150
656	ALOHApeuk_419	22.75	-158	125
657	ALOHApeuk_420	22.75	-158	100
658	ALOHApeuk_421	22.75	-158	75
659	ALOHApeuk_422	22.75	-158	45
660	ALOHApeuk_423	22.75	-158	25
661	ALOHApeuk_424	22.75	-158	5
662	ALOHApeuk_433	22.75	-158	175
663	ALOHApeuk_434	22.75	-158	150
664	ALOHApeuk_435	22.75	-158	125
665	ALOHApeuk_436	22.75	-158	100
666	ALOHApeuk_437	22.75	-158	75
667	ALOHApeuk_438	22.75	-158	45
668	ALOHApeuk_439	22.75	-158	25
669	ALOHApeuk_440	22.75	-158	5
670	ALOHApeuk_465	22.75	-158	175
671	ALOHApeuk_466	22.75	-158	150
672	ALOHApeuk_467	22.75	-158	125
673	ALOHApeuk_468	22.75	-158	100
674	ALOHApeuk_469	22.75	-158	75
675	ALOHApeuk_470	22.75	-158	45
676	ALOHApeuk_471	22.75	-158	25
677	ALOHApeuk_472	22.75	-158	5
678	ALOHApeuk_489	22.75	-158	175
679	ALOHApeuk_490	22.75	-158	150
680	ALOHApeuk_491	22.75	-158	125
681	ALOHApeuk_492	22.75	-158	100
682	ALOHApeuk_493	22.75	-158	75
683	ALOHApeuk_494	22.75	-158	45
684	ALOHApeuk_495	22.75	-158	25
685	ALOHApeuk_496	22.75	-158	5
686	ALOHApeuk_545	22.48	-158.2	175
687	ALOHApeuk_546	22.48	-158.2	150
688	ALOHApeuk_547	22.48	-158.2	125
689	ALOHApeuk_548	22.48	-158.2	100
690	ALOHApeuk_549	22.48	-158.2	75
691	ALOHApeuk_550	22.48	-158.2	45
692	ALOHApeuk_551	22.48	-158.2	25
693	ALOHApeuk_552	22.48	-158.2	5
694	ALOHApeuk_633	22.48	-158.2	175
695	ALOHApeuk_634	22.48	-158.2	150
696	ALOHApeuk_635	22.48	-158.2	125
697	ALOHApeuk_636	22.48	-158.2	100
698	ALOHApeuk_637	22.48	-158.2	75
699	ALOHApeuk_638	22.48	-158.2	45
700	ALOHApeuk_639	22.48	-158.2	25
701	ALOHApeuk_640	22.48	-158.2	5
702	ALOHApeuk_691	22.48	-158.2	175
703	ALOHApeuk_692	22.48	-158.2	150
704	ALOHApeuk_693	22.48	-158.2	125
705	ALOHApeuk_694	22.48	-158.2	100
706	ALOHApeuk_695	22.48	-158.2	75
707	ALOHApeuk_696	22.48	-158.2	45
708	ALOHApeuk_697	22.48	-158.2	25
709	ALOHApeuk_698	22.48	-158.2	5
710	ALOHApeuk_723	22.75	-158	175
711	ALOHApeuk_724	22.75	-158	150
712	ALOHApeuk_725	22.75	-158	125
713	ALOHApeuk_726	22.75	-158	100
714	ALOHApeuk_727	22.75	-158	75
715	ALOHApeuk_728	22.75	-158	45
716	ALOHApeuk_729	22.75	-158	25
717	ALOHApeuk_730	22.75	-158	5
718	ALOHApeuk_763	22.75	-158	175
719	ALOHApeuk_764	22.75	-158	150
720	ALOHApeuk_765	22.75	-158	125
721	ALOHApeuk_766	22.75	-158	100
722	ALOHApeuk_767	22.75	-158	75
723	ALOHApeuk_768	22.75	-158	45
724	ALOHApeuk_769	22.75	-158	25
725	ALOHApeuk_770	22.75	-158	5
726	ALOHApeuk_803	22.75	-158	175
727	ALOHApeuk_804	22.75	-158	150
728	ALOHApeuk_805	22.75	-158	125
729	ALOHApeuk_806	22.75	-158	100
730	ALOHApeuk_820	22.75	-158	75
731	ALOHApeuk_808	22.75	-158	45
732	ALOHApeuk_809	22.75	-158	25
733	ALOHApeuk_810	22.75	-158	5
734	ALOHApeuk_845	22.75	-158	175
735	ALOHApeuk_846	22.75	-158	150
736	ALOHApeuk_847	22.75	-158	125
737	ALOHApeuk_848	22.75	-158	100
738	ALOHApeuk_849	22.75	-158	75
739	ALOHApeuk_850	22.75	-158	45
740	ALOHApeuk_851	22.75	-158	25
741	ALOHApeuk_852	22.75	-158	5
742	ALOHApeuk_885	22.75	-158	175
743	ALOHApeuk_886	22.75	-158	150
744	ALOHApeuk_887	22.75	-158	125
745	ALOHApeuk_888	22.75	-158	100
746	ALOHApeuk_889	22.75	-158	75
747	ALOHApeuk_890	22.75	-158	45
748	ALOHApeuk_891	22.75	-158	25
749	ALOHApeuk_892	22.75	-158	5
750	ALOHApeuk_925	22.75	-158	175
751	ALOHApeuk_926	22.75	-158	150
752	ALOHApeuk_927	22.75	-158	125
753	ALOHApeuk_928	22.75	-158	100
754	ALOHApeuk_929	22.75	-158	75
755	ALOHApeuk_930	22.75	-158	45
756	ALOHApeuk_931	22.75	-158	25
757	ALOHApeuk_932	22.75	-158	5
758	ALOHApeuk_941	22.75	-158	175
759	ALOHApeuk_942	22.75	-158	150
760	ALOHApeuk_943	22.75	-158	125
761	ALOHApeuk_944	22.75	-158	100
762	ALOHApeuk_945	22.75	-158	75
763	ALOHApeuk_946	22.75	-158	45
764	ALOHApeuk_947	22.75	-158	25
765	ALOHApeuk_948	22.75	-158	5
766	ALOHApeuk_973	22.75	-158	175
767	ALOHApeuk_974	22.75	-158	150
768	ALOHApeuk_975	22.75	-158	125
769	ALOHApeuk_976	22.75	-158	100
770	ALOHApeuk_977	22.75	-158	75
771	ALOHApeuk_978	22.75	-158	45
772	ALOHApeuk_979	22.75	-158	25
773	ALOHApeuk_980	22.75	-158	5
774	ALOHApeuk_1077	22.75	-158	175
775	ALOHApeuk_1078	22.75	-158	150
776	ALOHApeuk_1079	22.75	-158	125
777	ALOHApeuk_1080	22.75	-158	100
778	ALOHApeuk_1081	22.75	-158	75
779	ALOHApeuk_1082	22.75	-158	45
780	ALOHApeuk_1083	22.75	-158	25
781	ALOHApeuk_1084	22.75	-158	5
782	Diel-RNA-1_S1	24.535	-156.309	15
783	Diel-RNA-2_S2	24.497	-156.307	15
784	Diel-RNA-3_S3	24.5	-156.312	15
785	Diel-RNA-4_S4	24.496	-156.298	15
786	Diel-RNA-5_S5	24.498	-156.302	15
787	Diel-RNA-6_S6	24.481	-156.301	15
788	Diel-RNA-7_S7	24.478	-156.297	15
789	Diel-RNA-8_S8	24.473	-156.293	15
790	Diel-RNA-9_S9	24.415	-156.314	15
791	Diel-RNA-10_S10	24.414	-156.315	15
792	Diel-RNA-11_S11	24.413	-156.312	15
793	Diel-RNA-12_S12	24.405	-156.355	15
794	Diel-RNA-13_S13	24.398	-156.35	15
795	Diel-RNA-14_S14	24.362	-156.343	15
796	Diel-RNA-15_S15	24.346	-156.347	15
797	Diel-RNA-16_S16	24.349	-156.314	15
798	Diel-RNA-17_S17	24.29	-156.408	15
799	Diel-RNA-18_S18	24.286	-156.412	15
800	Diel-RNA-19_S19	24.283	-156.387	15
801	Diel-DNA-1_S20	24.535	-156.309	15
802	Diel-DNA-2_S21	24.497	-156.307	15
803	Diel-DNA-3_S22	24.5	-156.312	15
804	Diel-DNA-4_S23	24.496	-156.298	15
805	Diel-DNA-5_S24	24.498	-156.302	15
806	Diel-DNA-6_S25	24.481	-156.301	15
807	Diel-DNA-7_S26	24.478	-156.297	15
808	Diel-DNA-8_S27	24.473	-156.293	15
809	Diel-DNA-9_S28	24.415	-156.314	15
810	Diel-DNA-10_S29	24.414	-156.315	15
811	Diel-DNA-11_S30	24.413	-156.312	15
812	Diel-DNA-12_S31	24.405	-156.355	15
813	Diel-DNA-13_S32	24.398	-156.35	15
814	Diel-DNA-14_S33	24.362	-156.343	15
815	Diel-DNA-15_S34	24.346	-156.347	15
816	Diel-DNA-16_S35	24.349	-156.314	15
817	Diel-DNA-17_S36	24.29	-156.408	15
818	Diel-DNA-18_S37	24.286	-156.412	15
819	Diel-DNA-19_S38	24.283	-156.387	15
833	July_1000m	24.55	-156.32	1000
834	July_150m	24.55	-156.32	150
835	July_5m	24.55	-156.32	5
836	July_DCM	24.55	-156.32	119
841	1_200um_S1	22.75	-158	20
842	2_80um_S2	22.75	-158	20
843	3_5um_S3	22.75	-158	20
844	4_0pt7um_S4	22.75	-158	20
845	5_WSW_S5	22.75	-158	20
946	S06C1_A	24.349	-156.798	15
947	S07C1_A	24.367	-156.799	15
948	S08C1_B	24.388	-156.767	15
949	S11C1_A	0	0	15
950	S14C1_B	24.424	-156.761	15
951	S15C1_B	24.46	-156.738	15
952	S16C1_A	24.481	-156.718	15
953	S17C1_A	24.497	-156.687	15
954	S18C1_A	24.533	-156.646	15
955	S19C1_A	24.539	-156.637	15
956	S20C1_B	24.541	-156.634	15
957	S21C1_B	24.552	-156.581	15
958	S22C1_A	24.552	-156.585	15
959	S23C1_B	24.564	-156.557	15
960	S24C1_A	24.595	-156.524	15
961	S26C1_A	24.603	-156.51	15
962	S28C1_B	24.603	-156.504	15
963	S29C1_A	24.586	-156.438	15
964	S30C1_A	24.576	-156.42	15
965	S31C1_A	24.57	-156.426	15
966	S32C1_B	24.583	-156.413	15
967	S33C1_A	24.576	-156.387	15
968	S34C1_B	24.576	-156.381	15
969	S35C1_A	24.583	-156.364	15
970	S06C1_C	24.349	-156.798	15
971	S07C1_B	24.367	-156.799	15
972	S08C1_C	24.388	-156.767	15
973	S11C1_C	0	0	15
974	S14C1_C	24.424	-156.761	15
975	S15C1_C	24.46	-156.738	15
976	S16C1_B	24.481	-156.718	15
977	S17C1_B	24.497	-156.687	15
978	S18C1_C	24.533	-156.646	15
979	S19C1_C	24.539	-156.637	15
980	S20C1_C	24.541	-156.634	15
981	S21C1_C	24.552	-156.581	15
982	S22C1_C	24.552	-156.585	15
983	S23C1_C	24.564	-156.557	15
984	S24C1_B	24.595	-156.524	15
985	S26C1_C	24.603	-156.51	15
986	S28C1_C	24.603	-156.504	15
987	S29C1_C	24.586	-156.438	15
988	S30C1_C	24.576	-156.42	15
989	S31C1_C	24.57	-156.426	15
990	S32C1_C	24.583	-156.413	15
991	S33C1_C	24.576	-156.387	15
992	S34C1_C	24.576	-156.381	15
993	S35C1_C	24.583	-156.364	15
1060	S0501	0	0	5
1061	S0502	0	0	100
1062	S0503	0	0	175
1063	S0504	0	0	25
1064	S0505	0	0	125
1065	S0506	0	0	175
1066	S0507	0	0	5
1067	S0508	0	0	115
1068	S0509	0	0	175
1069	S0510	0	0	5
1070	S0511	0	0	125
1071	S0512	0	0	175
1072	S0513	0	0	5
1073	S0514	0	0	100
1074	S0515	0	0	175
1075	S0516	0	0	5
1076	S0517	0	0	115
1077	S0518	0	0	175
1078	S0519	0	0	5
1079	S0520	0	0	115
1080	S0521	0	0	175
1081	S0522	0	0	5
1082	S0523	0	0	100
1083	S0524	0	0	175
1084	S0525	0	0	5
1085	S0526	0	0	100
1086	S0527	0	0	175
1087	S0528	0	0	5
1088	S0529	0	0	125
1089	S0530	0	0	175
1090	S0531	0	0	5
1091	S0532	0	0	115
1092	S0533	0	0	175
1093	S0534	0	0	5
1094	S0535	0	0	125
1095	S0536	0	0	175
1096	S0537	0	0	5
1097	S0538	0	0	125
1098	S0539	0	0	175
1099	S0540	0	0	5
1100	S0541	0	0	115
1101	S0542	0	0	175
1102	S0543	0	0	5
1103	S0544	0	0	100
1104	S0545	0	0	175
1105	S0546	0	0	5
1106	S0547	0	0	125
1107	S0548	0	0	175
1108	S0549	0	0	5
1109	S0550	0	0	115
1110	S0551	0	0	175
1111	S0552	0	0	5
1112	S0553	0	0	100
1113	S0554	0	0	175
1114	S0555	0	0	5
1115	S0556	0	0	85
1116	S0557	0	0	175
1117	S0558	0	0	10
1118	S0559	0	0	100
1119	S0560	0	0	175
1120	S0561	0	0	5
1121	S0562	0	0	100
1122	S0563	0	0	175
1123	S0564	0	0	10
1124	S0565	0	0	115
1125	S0566	0	0	175
1126	161013Chi_D16-10856	0	0	5
1127	161013Chi_D16-10860	0	0	5
1128	161013Chi_D16-10857	0	0	5
1129	161013Chi_D16-10861	0	0	5
1130	161013Chi_D16-10859	0	0	25
1131	161013Chi_D16-10862	0	0	25
1132	161013Chi_D16-10858	0	0	137
1133	161013Chi_D16-10863	0	0	137
1170	SK036	24.4983	-156.687	15
1171	SK037	24.5113	-156.67	15
1172	SK038	24.54	-156.637	15
1173	SK039	NULL	NULL	15
1174	SK040	24.5367	-156.605	15
1175	SK041	24.5521	-156.582	15
1176	SK042	24.5637	-156.559	15
1177	SK043	24.5749	-156.542	15
1178	SK044	24.6	-156.507	15
1179	SK045	24.6033	-156.508	15
1180	SK046	24.6	-156.462	15
1181	SK047	24.575	-156.42	15
1182	SK048	24.5697	-156.431	15
1183	SK049	24.5717	-156.41	15
1184	SK050	24.5767	-156.387	15
1185	SK051	24.5767	-156.382	15
1186	SK052	24.585	-156.372	15
1187	SK053	24.5498	-156.336	15
1224	insitu_25m_051116_rep2	22.944	-155.947	25
1225	insitu_25m_051116_rep3	22.944	-155.947	25
1226	insitu_25m_051216_rep1	23.738	-157.385	25
1227	insitu_25m_051216_rep2	23.738	-157.385	25
1228	insitu_25m_051216_rep3	23.738	-157.385	25
1229	insitu_25m_051316_rep1	23.436	-156.78	25
1230	insitu_25m_051316_rep2	23.436	-156.78	25
1231	insitu_25m_051316_rep3	23.436	-156.78	25
1232	Incubation_insitu_25m_051016_rep1	22.7	-155.991	25
1233	Incubation_insitu_25m_051016_rep2	22.7	-155.991	25
1234	Incubation_25m_T1	22.7	-155.991	25
1235	Incubation_25m+DSW_T1	22.7	-155.991	25
1236	Incubation_25m_T2	22.7	-155.991	25
1237	Incubation_25m+DSW_T2	22.7	-155.991	25
1238	Incubation_25m_T3	22.7	-155.991	25
1239	Incubation_25m+DSW_T3	22.7	-155.991	25
1240	Incubation_25m_T4	22.7	-155.991	25
1241	Incubation_25m+DSW_T4	22.7	-155.991	25
1242	March_1000m	22.54	-156.392	1000
1243	March_150m	22.54	-156.392	150
1244	March_5m	22.54	-156.392	5
1245	March_DCM	22.54	-156.392	120
1246	CSHLIID00-20a-S19C001-0015	24.539	-156.637	15
